8 0.3546875 0.7305555555555555 0.015625 0.05555555555555555
23 0.3578125 0.25277777777777777 0.0203125 0.06666666666666667
5 0.35625 0.8055555555555556 0.0203125 0.05277777777777778
4 0.353125 0.4111111111111111 0.0203125 0.06388888888888888
29 0.35625 0.32222222222222224 0.01875 0.06388888888888888
2 0.3546875 0.6722222222222223 0.0171875 0.05555555555555555
28 0.3609375 0.10833333333333334 0.01875 0.06666666666666667
1 0.353125 0.5472222222222223 0.0109375 0.06111111111111111
6 0.353125 0.6111111111111112 0.015625 0.05555555555555555
12 0.359375 0.18055555555555555 0.01875 0.06388888888888888
5 0.353125 0.48055555555555557 0.0171875 0.06111111111111111