8 0.6375 0.6055555555555555 0.015625 0.06111111111111111
1 0.721875 0.6055555555555555 0.0109375 0.06111111111111111
8 0.61875 0.6027777777777777 0.015625 0.058333333333333334
8 0.759375 0.6083333333333333 0.021875 0.06388888888888888
22 0.490625 0.6027777777777777 0.0265625 0.06111111111111111
26 0.5140625 0.6027777777777777 0.0171875 0.06111111111111111
2 0.684375 0.6055555555555555 0.0171875 0.06111111111111111
29 0.5546875 0.6027777777777777 0.01875 0.058333333333333334
3 0.703125 0.6055555555555555 0.0171875 0.06111111111111111
1 0.65625 0.6027777777777777 0.0109375 0.06111111111111111
20 0.5328125 0.6027777777777777 0.01875 0.06111111111111111