22 0.640625 0.28055555555555556 0.0234375 0.06111111111111111
14 0.646875 0.15555555555555556 0.0234375 0.06666666666666667
9 0.634375 0.4166666666666667 0.01875 0.058333333333333334
1 0.6265625 0.5805555555555556 0.009375 0.05
7 0.6171875 0.7444444444444445 0.01875 0.05
8 0.63125 0.4722222222222222 0.0171875 0.05555555555555555
29 0.6375 0.3416666666666667 0.0203125 0.058333333333333334
8 0.628125 0.5277777777777778 0.0171875 0.05277777777777778
12 0.64375 0.21944444444444444 0.021875 0.06388888888888888
7 0.6203125 0.6805555555555556 0.0140625 0.04722222222222222
2 0.621875 0.6305555555555555 0.0171875 0.04722222222222222