6 0.634375 0.33055555555555555 0.015625 0.05555555555555555
2 0.61875 0.33055555555555555 0.015625 0.05555555555555555
14 0.5265625 0.3277777777777778 0.0140625 0.05555555555555555
8 0.70625 0.3333333333333333 0.0203125 0.058333333333333334
3 0.65 0.33055555555555555 0.015625 0.05555555555555555
1 0.6671875 0.33055555555555555 0.009375 0.05555555555555555
4 0.6828125 0.33055555555555555 0.015625 0.05555555555555555
16 0.5421875 0.3277777777777778 0.015625 0.05555555555555555
6 0.603125 0.3277777777777778 0.015625 0.05555555555555555
29 0.559375 0.3277777777777778 0.0171875 0.05555555555555555
27 0.5109375 0.3277777777777778 0.015625 0.05555555555555555