4 0.634375 0.3527777777777778 0.015625 0.05277777777777778
14 0.5234375 0.3527777777777778 0.0140625 0.05
1 0.65 0.3527777777777778 0.009375 0.05277777777777778
28 0.5390625 0.3527777777777778 0.0140625 0.05
0 0.665625 0.3527777777777778 0.0140625 0.05277777777777778
4 0.696875 0.35555555555555557 0.015625 0.05277777777777778
7 0.73125 0.35555555555555557 0.01875 0.05277777777777778
2 0.6171875 0.3527777777777778 0.0140625 0.05
29 0.5078125 0.35 0.015625 0.05
29 0.5546875 0.3527777777777778 0.015625 0.05
7 0.68125 0.3527777777777778 0.0140625 0.05