1 0.65625 0.21388888888888888 0.0125 0.058333333333333334
2 0.6140625 0.2111111111111111 0.015625 0.058333333333333334
29 0.596875 0.13055555555555556 0.0203125 0.058333333333333334
26 0.553125 0.125 0.01875 0.06111111111111111
3 0.634375 0.2111111111111111 0.0171875 0.058333333333333334
20 0.5734375 0.12777777777777777 0.0203125 0.06111111111111111
22 0.53125 0.125 0.025 0.06111111111111111
8 0.528125 0.20555555555555555 0.015625 0.058333333333333334
8 0.55 0.20555555555555555 0.0171875 0.06111111111111111
1 0.571875 0.20833333333333334 0.0109375 0.058333333333333334
8 0.6765625 0.21666666666666667 0.021875 0.06666666666666667