11 0.446875 0.2638888888888889 0.0140625 0.05555555555555555
17 0.4453125 0.325 0.0140625 0.05555555555555555
7 0.4390625 0.6944444444444444 0.0125 0.04722222222222222
9 0.440625 0.525 0.0140625 0.05277777777777778
5 0.4375 0.8111111111111111 0.0171875 0.04722222222222222
1 0.4390625 0.7444444444444445 0.0109375 0.04722222222222222
7 0.4390625 0.6388888888888888 0.0140625 0.05
1 0.4421875 0.4638888888888889 0.009375 0.05277777777777778
29 0.44375 0.3888888888888889 0.015625 0.05555555555555555
7 0.4390625 0.5833333333333334 0.0140625 0.05277777777777778
12 0.4484375 0.2 0.015625 0.05555555555555555