3 0.51875 0.18611111111111112 0.01875 0.05555555555555555
7 0.378125 0.18611111111111112 0.015625 0.05555555555555555
9 0.4578125 0.18611111111111112 0.0140625 0.05277777777777778
3 0.4 0.18611111111111112 0.015625 0.05277777777777778
7 0.41875 0.18611111111111112 0.0140625 0.05555555555555555
29 0.4375 0.11388888888888889 0.0171875 0.05277777777777778
20 0.41875 0.11666666666666667 0.0171875 0.05277777777777778
7 0.478125 0.18611111111111112 0.015625 0.05277777777777778
3 0.4984375 0.18333333333333332 0.0140625 0.05555555555555555
22 0.378125 0.11666666666666667 0.021875 0.05277777777777778
26 0.3984375 0.11666666666666667 0.0171875 0.05277777777777778