3 0.671875 0.49166666666666664 0.021875 0.058333333333333334
18 0.465625 0.48333333333333334 0.0078125 0.05555555555555555
5 0.625 0.4888888888888889 0.015625 0.05555555555555555
5 0.5375 0.48333333333333334 0.015625 0.05277777777777778
8 0.571875 0.4861111111111111 0.015625 0.05277777777777778
29 0.4828125 0.48055555555555557 0.015625 0.05555555555555555
3 0.6078125 0.4888888888888889 0.015625 0.05277777777777778
8 0.590625 0.4861111111111111 0.0140625 0.05277777777777778
12 0.4484375 0.48055555555555557 0.015625 0.05277777777777778
15 0.4296875 0.4777777777777778 0.0140625 0.05555555555555555
2 0.55625 0.4861111111111111 0.015625 0.05555555555555555