1 0.5765625 0.7805555555555556 0.0078125 0.044444444444444446
29 0.58125 0.44722222222222224 0.0140625 0.05277777777777778
11 0.58125 0.3277777777777778 0.015625 0.05555555555555555
5 0.5734375 0.8416666666666667 0.015625 0.03888888888888889
12 0.5828125 0.26666666666666666 0.0140625 0.05277777777777778
17 0.58125 0.3888888888888889 0.0140625 0.05277777777777778
9 0.5796875 0.575 0.0140625 0.05
7 0.5765625 0.7333333333333333 0.0125 0.044444444444444446
1 0.58125 0.5194444444444445 0.009375 0.05
7 0.578125 0.6805555555555556 0.0125 0.04722222222222222
7 0.5796875 0.6305555555555555 0.0125 0.04722222222222222