27 0.60625 0.3972222222222222 0.015625 0.05277777777777778
12 0.6234375 0.3972222222222222 0.015625 0.05
1 0.7828125 0.4 0.009375 0.05277777777777778
3 0.8265625 0.40555555555555556 0.021875 0.05555555555555555
8 0.7125 0.4 0.015625 0.05277777777777778
29 0.6421875 0.4 0.0171875 0.05277777777777778
6 0.6953125 0.4027777777777778 0.015625 0.05277777777777778
22 0.5859375 0.3972222222222222 0.0203125 0.05555555555555555
1 0.73125 0.4 0.0109375 0.05277777777777778
2 0.7484375 0.4027777777777778 0.015625 0.05277777777777778
0 0.765625 0.4 0.0171875 0.05277777777777778