14 0.55 0.5138888888888888 0.0171875 0.05555555555555555
4 0.54375 0.9083333333333333 0.015625 0.041666666666666664
1 0.546875 0.7805555555555556 0.009375 0.044444444444444446
7 0.5453125 0.8666666666666667 0.015625 0.041666666666666664
0 0.5453125 0.825 0.015625 0.041666666666666664
7 0.5421875 0.9638888888888889 0.0171875 0.041666666666666664
28 0.55 0.5666666666666667 0.0171875 0.05277777777777778
29 0.5484375 0.6194444444444445 0.0171875 0.05277777777777778
2 0.5484375 0.6861111111111111 0.0171875 0.05
4 0.546875 0.7333333333333333 0.015625 0.04722222222222222
29 0.5515625 0.45555555555555555 0.01875 0.05555555555555555