23 0.45625 0.3277777777777778 0.015625 0.05555555555555555
5 0.6625 0.3333333333333333 0.0203125 0.06111111111111111
4 0.5359375 0.325 0.0171875 0.05555555555555555
1 0.571875 0.3277777777777778 0.0109375 0.058333333333333334
6 0.5890625 0.3277777777777778 0.015625 0.05555555555555555
28 0.4203125 0.325 0.0171875 0.058333333333333334
5 0.5546875 0.3277777777777778 0.015625 0.05555555555555555
12 0.4390625 0.325 0.0171875 0.05555555555555555
29 0.4734375 0.325 0.0171875 0.05555555555555555
8 0.6234375 0.3277777777777778 0.015625 0.05277777777777778
2 0.60625 0.3277777777777778 0.015625 0.05555555555555555