1 0.5140625 0.5194444444444445 0.0109375 0.05555555555555555
1 0.5171875 0.4027777777777778 0.0109375 0.058333333333333334
14 0.5265625 0.1361111111111111 0.01875 0.058333333333333334
29 0.5234375 0.25833333333333336 0.01875 0.06111111111111111
1 0.5125 0.575 0.0109375 0.05277777777777778
27 0.525 0.19722222222222222 0.01875 0.06111111111111111
29 0.528125 0.07222222222222222 0.01875 0.06111111111111111
3 0.5171875 0.46111111111111114 0.0171875 0.058333333333333334
7 0.509375 0.7055555555555556 0.0203125 0.05277777777777778
6 0.5125 0.6305555555555555 0.0171875 0.05555555555555555
5 0.5203125 0.3416666666666667 0.01875 0.06111111111111111