6 0.4546875 0.44166666666666665 0.0171875 0.05277777777777778
29 0.453125 0.30833333333333335 0.015625 0.05555555555555555
12 0.4515625 0.18611111111111112 0.015625 0.05555555555555555
28 0.4515625 0.125 0.0125 0.05555555555555555
23 0.453125 0.24722222222222223 0.015625 0.05555555555555555
5 0.453125 0.38333333333333336 0.0140625 0.05555555555555555
5 0.4546875 0.5 0.0140625 0.05
3 0.4546875 0.5555555555555556 0.0140625 0.05277777777777778
9 0.45625 0.6111111111111112 0.0140625 0.05
6 0.45625 0.6638888888888889 0.0140625 0.04722222222222222
0 0.45625 0.7305555555555555 0.01875 0.05277777777777778