23 0.525 0.23333333333333334 0.015625 0.05555555555555555
6 0.525 0.5361111111111111 0.0140625 0.05
7 0.525 0.3638888888888889 0.0140625 0.05277777777777778
7 0.525 0.4222222222222222 0.0140625 0.05277777777777778
3 0.525 0.5916666666666667 0.0140625 0.05
29 0.525 0.2916666666666667 0.015625 0.05555555555555555
0 0.5234375 0.7111111111111111 0.0171875 0.04722222222222222
8 0.525 0.48055555555555557 0.0140625 0.05
12 0.525 0.17222222222222222 0.015625 0.05277777777777778
28 0.525 0.11388888888888889 0.015625 0.05277777777777778
3 0.5234375 0.6444444444444445 0.0140625 0.04722222222222222