0 0.471875 0.7138888888888889 0.01875 0.05277777777777778
3 0.475 0.5833333333333334 0.015625 0.05555555555555555
28 0.4890625 0.05 0.01875 0.06111111111111111
7 0.48125 0.3333333333333333 0.0171875 0.058333333333333334
6 0.4765625 0.5222222222222223 0.015625 0.05555555555555555
29 0.4828125 0.25 0.01875 0.058333333333333334
7 0.4796875 0.3972222222222222 0.015625 0.058333333333333334
12 0.4875 0.11666666666666667 0.0171875 0.06111111111111111
8 0.478125 0.46111111111111114 0.015625 0.05555555555555555
23 0.484375 0.18333333333333332 0.01875 0.058333333333333334
3 0.4734375 0.6416666666666667 0.015625 0.05277777777777778