0 0.484375 0.6777777777777778 0.0203125 0.05555555555555555
28 0.4984375 0.044444444444444446 0.015625 0.058333333333333334
3 0.4890625 0.49166666666666664 0.015625 0.05277777777777778
9 0.4875 0.55 0.015625 0.05277777777777778
5 0.4921875 0.3111111111111111 0.0171875 0.058333333333333334
6 0.490625 0.37222222222222223 0.0171875 0.05555555555555555
6 0.4859375 0.6083333333333333 0.015625 0.05277777777777778
29 0.4953125 0.23333333333333334 0.0171875 0.058333333333333334
5 0.490625 0.43333333333333335 0.015625 0.05555555555555555
12 0.496875 0.10555555555555556 0.0171875 0.05555555555555555
23 0.496875 0.16944444444444445 0.0171875 0.05555555555555555