3 0.41875 0.06666666666666667 0.0203125 0.06388888888888888
9 0.2984375 0.07222222222222222 0.0203125 0.06666666666666667
4 0.3796875 0.06666666666666667 0.0203125 0.06666666666666667
29 0.2640625 0.07777777777777778 0.0203125 0.06666666666666667
3 0.5015625 0.06666666666666667 0.0203125 0.06666666666666667
5 0.54375 0.06944444444444445 0.0234375 0.075
1 0.3375 0.07222222222222222 0.0140625 0.06944444444444445
27 0.2265625 0.08055555555555556 0.0203125 0.06666666666666667
0 0.4609375 0.06111111111111111 0.021875 0.06666666666666667
14 0.159375 0.1 0.01875 0.06388888888888888
16 0.1953125 0.08888888888888889 0.0203125 0.06111111111111111