8 0.603125 0.6361111111111111 0.0171875 0.05555555555555555
15 0.621875 0.2388888888888889 0.0171875 0.06388888888888888
18 0.6171875 0.36944444444444446 0.009375 0.06111111111111111
8 0.5984375 0.6916666666666667 0.0171875 0.05277777777777778
3 0.5953125 0.7472222222222222 0.0171875 0.05
5 0.590625 0.7972222222222223 0.015625 0.05
29 0.6125 0.43333333333333335 0.01875 0.06111111111111111
3 0.5859375 0.8666666666666667 0.021875 0.05
12 0.6203125 0.3055555555555556 0.0171875 0.06111111111111111
5 0.609375 0.5166666666666667 0.0171875 0.058333333333333334
2 0.60625 0.5777777777777777 0.0203125 0.058333333333333334