8 0.5453125 0.5305555555555556 0.0140625 0.04722222222222222
1 0.5421875 0.7861111111111111 0.0171875 0.044444444444444446
14 0.5484375 0.2972222222222222 0.0140625 0.05277777777777778
22 0.546875 0.3527777777777778 0.0171875 0.05277777777777778
5 0.5453125 0.5805555555555556 0.0140625 0.04722222222222222
4 0.546875 0.4777777777777778 0.0171875 0.05277777777777778
2 0.54375 0.6777777777777778 0.0140625 0.04722222222222222
7 0.5453125 0.6305555555555555 0.0140625 0.04722222222222222
8 0.54375 0.725 0.0140625 0.04722222222222222
28 0.546875 0.24166666666666667 0.015625 0.05555555555555555
29 0.546875 0.40555555555555556 0.015625 0.05