1 0.6265625 0.36944444444444446 0.0109375 0.06111111111111111
6 0.7015625 0.36944444444444446 0.01875 0.058333333333333334
14 0.490625 0.36666666666666664 0.015625 0.058333333333333334
1 0.6625 0.36944444444444446 0.0109375 0.06111111111111111
7 0.7359375 0.36944444444444446 0.0234375 0.06111111111111111
5 0.609375 0.36944444444444446 0.0171875 0.06111111111111111
3 0.6453125 0.36944444444444446 0.0171875 0.06111111111111111
27 0.509375 0.36944444444444446 0.0171875 0.058333333333333334
29 0.471875 0.36666666666666664 0.01875 0.06111111111111111
29 0.5265625 0.36944444444444446 0.01875 0.058333333333333334
1 0.68125 0.36944444444444446 0.0109375 0.06111111111111111