3 0.5953125 0.7777777777777778 0.015625 0.041666666666666664
6 0.6 0.6805555555555556 0.015625 0.04722222222222222
3 0.596875 0.7305555555555555 0.015625 0.044444444444444446
0 0.5921875 0.8361111111111111 0.01875 0.041666666666666664
7 0.60625 0.5166666666666667 0.0171875 0.05277777777777778
29 0.609375 0.4444444444444444 0.0203125 0.058333333333333334
28 0.6171875 0.25 0.01875 0.06111111111111111
7 0.6046875 0.5722222222222222 0.0171875 0.05277777777777778
12 0.6140625 0.31666666666666665 0.01875 0.06111111111111111
8 0.6015625 0.6277777777777778 0.015625 0.05
23 0.6109375 0.38333333333333336 0.0203125 0.058333333333333334