0 0.778125 0.275 0.025 0.06111111111111111
9 0.715625 0.26944444444444443 0.015625 0.058333333333333334
5 0.6453125 0.26944444444444443 0.015625 0.058333333333333334
5 0.6796875 0.26944444444444443 0.015625 0.058333333333333334
6 0.6625 0.2722222222222222 0.0171875 0.058333333333333334
28 0.534375 0.26944444444444443 0.015625 0.058333333333333334
3 0.696875 0.26944444444444443 0.015625 0.058333333333333334
6 0.7328125 0.2722222222222222 0.0171875 0.058333333333333334
12 0.5515625 0.26944444444444443 0.0171875 0.058333333333333334
29 0.5875 0.26944444444444443 0.0171875 0.058333333333333334
23 0.56875 0.26944444444444443 0.015625 0.058333333333333334