14 0.50625 0.24444444444444444 0.021875 0.06666666666666667
5 0.7328125 0.25277777777777777 0.0234375 0.06944444444444445
3 0.70625 0.25277777777777777 0.01875 0.06666666666666667
0 0.6875 0.25277777777777777 0.01875 0.06666666666666667
3 0.6671875 0.25 0.01875 0.06666666666666667
9 0.60625 0.24722222222222223 0.01875 0.06666666666666667
4 0.646875 0.25 0.01875 0.06666666666666667
16 0.528125 0.24722222222222223 0.0203125 0.06388888888888888
29 0.571875 0.24722222222222223 0.0203125 0.06388888888888888
1 0.628125 0.25 0.0125 0.06944444444444445
27 0.55 0.24444444444444444 0.0203125 0.06666666666666667