29 0.709375 0.35 0.01875 0.05555555555555555
5 0.6796875 0.7416666666666667 0.0203125 0.044444444444444446
1 0.696875 0.5305555555555556 0.009375 0.05
2 0.6890625 0.6333333333333333 0.0171875 0.044444444444444446
8 0.684375 0.6833333333333333 0.0140625 0.044444444444444446
4 0.703125 0.41944444444444445 0.0171875 0.05277777777777778
6 0.6921875 0.5833333333333334 0.015625 0.04722222222222222
5 0.7 0.4777777777777778 0.015625 0.05
28 0.7203125 0.1638888888888889 0.015625 0.06111111111111111
12 0.715625 0.22777777777777777 0.0171875 0.058333333333333334
23 0.7125 0.28888888888888886 0.01875 0.05555555555555555