1 0.6890625 0.15 0.01875 0.06111111111111111
9 0.625 0.15 0.0140625 0.05277777777777778
3 0.6 0.15 0.015625 0.05555555555555555
3 0.64375 0.15 0.015625 0.05555555555555555
0 0.6609375 0.15 0.015625 0.05555555555555555
22 0.440625 0.1527777777777778 0.025 0.058333333333333334
0 0.5640625 0.14722222222222223 0.015625 0.05555555555555555
27 0.4625 0.1527777777777778 0.0171875 0.05555555555555555
5 0.58125 0.15 0.015625 0.05555555555555555
29 0.5015625 0.1527777777777778 0.0171875 0.058333333333333334
20 0.4828125 0.1527777777777778 0.01875 0.058333333333333334