22 0.509375 0.25833333333333336 0.021875 0.06111111111111111
1 0.509375 0.6 0.009375 0.04722222222222222
27 0.509375 0.31666666666666665 0.01875 0.05555555555555555
1 0.509375 0.7388888888888889 0.009375 0.041666666666666664
12 0.509375 0.375 0.0171875 0.05277777777777778
8 0.509375 0.5527777777777778 0.015625 0.04722222222222222
6 0.509375 0.5 0.015625 0.05
0 0.509375 0.6944444444444444 0.015625 0.044444444444444446
29 0.509375 0.4305555555555556 0.0171875 0.05277777777777778
2 0.5078125 0.65 0.015625 0.044444444444444446
3 0.509375 0.7888888888888889 0.01875 0.044444444444444446