3 0.5859375 0.7861111111111111 0.01875 0.04722222222222222
3 0.5890625 0.7361111111111112 0.0125 0.044444444444444446
26 0.60625 0.3 0.0171875 0.05555555555555555
3 0.596875 0.5388888888888889 0.0140625 0.04722222222222222
9 0.5921875 0.6472222222222223 0.0140625 0.044444444444444446
7 0.590625 0.6916666666666667 0.015625 0.044444444444444446
29 0.603125 0.4166666666666667 0.0171875 0.05277777777777778
7 0.5984375 0.4888888888888889 0.0171875 0.05
22 0.609375 0.2361111111111111 0.0265625 0.06111111111111111
20 0.603125 0.35833333333333334 0.0171875 0.05555555555555555
7 0.5953125 0.5888888888888889 0.015625 0.04722222222222222