0 0.628125 0.7305555555555555 0.0140625 0.041666666666666664
27 0.646875 0.37222222222222223 0.015625 0.05277777777777778
4 0.63125 0.6888888888888889 0.015625 0.041666666666666664
20 0.65 0.31666666666666665 0.0203125 0.05555555555555555
4 0.640625 0.49722222222222223 0.0171875 0.05
1 0.6390625 0.5472222222222223 0.009375 0.05
29 0.6453125 0.42777777777777776 0.0171875 0.05277777777777778
2 0.6359375 0.5972222222222222 0.015625 0.04722222222222222
6 0.634375 0.6416666666666667 0.015625 0.044444444444444446
18 0.6515625 0.25277777777777777 0.009375 0.058333333333333334
0 0.625 0.7888888888888889 0.0140625 0.03888888888888889