1 0.4625 0.44722222222222224 0.009375 0.05
3 0.4640625 0.3972222222222222 0.015625 0.05277777777777778
1 0.4625 0.34444444444444444 0.0109375 0.05277777777777778
5 0.4625 0.28888888888888886 0.015625 0.05555555555555555
29 0.4625 0.058333333333333334 0.015625 0.05277777777777778
14 0.4625 0.1111111111111111 0.015625 0.05277777777777778
27 0.4625 0.1638888888888889 0.015625 0.05277777777777778
29 0.4625 0.21666666666666667 0.015625 0.05277777777777778
1 0.4640625 0.5 0.009375 0.05
6 0.465625 0.55 0.0140625 0.05
7 0.465625 0.6194444444444445 0.0203125 0.05277777777777778