4 0.4171875 0.525 0.0171875 0.05
8 0.69375 0.4666666666666667 0.009375 0.027777777777777776
1 0.415625 0.5777777777777777 0.0109375 0.05277777777777778
14 0.4265625 0.2777777777777778 0.0203125 0.05555555555555555
29 0.4296875 0.21944444444444444 0.01875 0.058333333333333334
28 0.4234375 0.33611111111111114 0.0171875 0.05555555555555555
4 0.4125 0.7305555555555555 0.0140625 0.04722222222222222
7 0.4109375 0.7972222222222223 0.015625 0.04722222222222222
2 0.4203125 0.46944444444444444 0.0171875 0.05555555555555555
0 0.4140625 0.6305555555555555 0.015625 0.05
29 0.421875 0.39444444444444443 0.0171875 0.058333333333333334
7 0.4140625 0.6805555555555556 0.0140625 0.04722222222222222