9 0.275 0.2361111111111111 0.0234375 0.075
29 0.24375 0.225 0.0234375 0.08055555555555556
1 0.315625 0.225 0.015625 0.075
4 0.3484375 0.2388888888888889 0.021875 0.075
5 0.49375 0.2388888888888889 0.025 0.08333333333333333
0 0.4203125 0.2388888888888889 0.0234375 0.075
3 0.4578125 0.22777777777777777 0.021875 0.075
3 0.3859375 0.225 0.0234375 0.07777777777777778
14 0.140625 0.2361111111111111 0.028125 0.07222222222222222
16 0.178125 0.225 0.0265625 0.07222222222222222
27 0.2078125 0.2361111111111111 0.025 0.075