4 0.6046875 0.575 0.015625 0.05277777777777778
28 0.60625 0.39166666666666666 0.015625 0.05555555555555555
29 0.60625 0.44722222222222224 0.015625 0.05555555555555555
29 0.60625 0.2777777777777778 0.015625 0.058333333333333334
14 0.60625 0.33611111111111114 0.015625 0.05555555555555555
2 0.60625 0.5194444444444445 0.015625 0.05555555555555555
1 0.6046875 0.625 0.0078125 0.05
0 0.603125 0.675 0.0140625 0.04722222222222222
7 0.6015625 0.725 0.0140625 0.04722222222222222
4 0.6 0.7722222222222223 0.015625 0.044444444444444446
7 0.5984375 0.8361111111111111 0.015625 0.04722222222222222