18 0.4578125 0.5027777777777778 0.0109375 0.06111111111111111
0 0.703125 0.5111111111111111 0.0203125 0.058333333333333334
0 0.6625 0.5083333333333333 0.015625 0.05277777777777778
4 0.5734375 0.5055555555555555 0.0171875 0.05555555555555555
29 0.515625 0.5027777777777778 0.0171875 0.05555555555555555
27 0.4953125 0.5027777777777778 0.015625 0.05555555555555555
6 0.6265625 0.5055555555555555 0.0171875 0.05555555555555555
1 0.5921875 0.5055555555555555 0.009375 0.05555555555555555
4 0.64375 0.5083333333333333 0.015625 0.05277777777777778
2 0.609375 0.5083333333333333 0.015625 0.05555555555555555
20 0.4765625 0.5027777777777778 0.01875 0.05555555555555555