9 0.39375 0.3111111111111111 0.0203125 0.06388888888888888
8 0.69375 0.46944444444444444 0.009375 0.022222222222222223
14 0.4 0.03333333333333333 0.025 0.06388888888888888
22 0.396875 0.16111111111111112 0.0234375 0.06388888888888888
7 0.3890625 0.6972222222222222 0.0203125 0.05555555555555555
7 0.390625 0.6194444444444445 0.01875 0.05555555555555555
1 0.390625 0.5027777777777778 0.0125 0.058333333333333334
8 0.3921875 0.37777777777777777 0.01875 0.06111111111111111
12 0.3984375 0.09444444444444444 0.021875 0.06111111111111111
2 0.390625 0.5611111111111111 0.01875 0.058333333333333334
29 0.3953125 0.225 0.021875 0.06388888888888888
8 0.390625 0.44166666666666665 0.01875 0.06388888888888888