6 0.734375 0.32222222222222224 0.0171875 0.058333333333333334
0 0.83125 0.325 0.021875 0.06111111111111111
29 0.6375 0.31666666666666665 0.0171875 0.06111111111111111
4 0.6984375 0.3194444444444444 0.0171875 0.06111111111111111
6 0.7875 0.32222222222222224 0.01875 0.058333333333333334
9 0.7703125 0.32222222222222224 0.0171875 0.058333333333333334
12 0.5796875 0.31666666666666665 0.0171875 0.06111111111111111
6 0.7515625 0.32222222222222224 0.0171875 0.058333333333333334
9 0.715625 0.3194444444444444 0.0171875 0.058333333333333334
10 0.61875 0.31666666666666665 0.01875 0.06111111111111111
22 0.5984375 0.31666666666666665 0.01875 0.06111111111111111