23 0.5921875 0.3416666666666667 0.0171875 0.058333333333333334
5 0.584375 0.5777777777777777 0.015625 0.04722222222222222
6 0.5859375 0.525 0.015625 0.05
0 0.575 0.7861111111111111 0.021875 0.05
6 0.578125 0.7277777777777777 0.015625 0.044444444444444446
5 0.5890625 0.46944444444444444 0.015625 0.05
3 0.58125 0.6277777777777778 0.015625 0.04722222222222222
29 0.590625 0.4027777777777778 0.0171875 0.05277777777777778
28 0.5984375 0.21388888888888888 0.015625 0.058333333333333334
12 0.5953125 0.2777777777777778 0.0171875 0.05555555555555555
9 0.5796875 0.6777777777777778 0.0140625 0.041666666666666664